   klasa | preciznost
---------------------
       0 |     0.9032
       1 |     0.8788
       2 |     0.7814
       3 |     0.6073
       4 |     0.9000
       5 |     0.8239
       6 |     0.6742
       7 |     0.9176
       8 |     0.7232
       9 |     0.6892
---------------------
 tačnost |     0.7834

=== TEST ===
   klasa | preciznost
---------------------
       0 |     0.9444
       1 |     0.9111
       2 |     0.8085
       3 |     0.6545
       4 |     0.9608
       5 |     0.7692
       6 |     0.7500
       7 |     0.9211
       8 |     0.6727
       9 |     0.7222
---------------------
 tačnost |     0.8103